434
121
199
413
112
128
124
148
420
252
11
24
303
486
475
200
316
234
76
6
225
120
281
270
476
316
264
303
81
137
83
102
431
122
451
414
456
92
38
389
83
177
148
307
467
488
78
478
428
53
55
417
436
413
41
248
428
219
459
462
201
380
19
453
156
284
472
179
396
159
228
46
158
200
272
500
239
305
321
356
218
5
474
232
484
447
476
71
240
328
121
353
341
393
38
80
399
387
315
404
500
186
379
488
473
448
201
52
496
283
319
149
157
54
293
382
358
367
108
215
81
97
450
130
19
210
333
378
178
133
292
217
295
127
322
13
217
50
188
391
37
278
294
351
198
145
466
497
78
306
433
211
41
297
72
115
446
454
8
262
402
385
310
414
343
100
369
412
146
237
32
409
66
300
306
295
250
18
334
380
424
265
323
39
171
291
316
236
43
391
169
389
349
416
374
174
238
478
401
336
496
17
303
139
130
170
319
419
5
227
19
169
236
86
53
159
196
458
95
63
130
264
85
62
306
33
247
428
87
251
210
338
490
465
200
404
89
264
239
61
36
315
264
229
485
425
367
416
52
354
306
449
37
259
156
188
418
280
85
366
335
126
368
269
483
481
245
68
206
229
368
361
261
212
294
487
276
219
241
293
101
114
56
491
32
266
5
340
459
330
43
455
93
124
22
183
48
205
112
72
162
345
383
303
85
53
236
211
118
151
109
306
362
151
412
209
295
352
195
376
226
179
243
478
438
438
336
374
124
171
461
347
198
160
445
310
169
215
314
109
279
358
147
65
48
190
258
117
186
451
444
74
54
447
182
464
280
492
240
316
211
184
251
232
251
120
24
333
394
233
319
296
181
89
121
267
288
421
78
91
132
37
242
256
101
294
423
24
314
142
321
96
318
285
428
289
182
289
349
124
358
478
232
407
231
126
419
338
163
108
116
91
49
404
208
118
307
440
384
53
457
313
376
430
409
71
386
254
457
448
179
304
178
259
343
27
156
379
50
307
117
465
407
451
313
93
178
288
460
68
115
149
328
445
68
195
164
307
426
87
390
422
429
226
297
267
116
152
113
486
103
392
176
234
358
30
153
379
316
68
308
374
475
427
387
156
423
125
94
216
198
129
316
384
358
310
500
342
496
216
