234
335
337
93
280
47
25
218
213
314
251
84
319
221
158
427
69
242
287
226
33
299
83
157
465
280
272
177
408
205
442
299
422
316
364
479
293
283
443
37
489
393
455
66
188
422
225
373
354
345
53
38
81
76
193
277
131
264
281
348
345
85
384
356
100
40
71
183
196
12
108
422
420
90
105
477
479
465
14
25
113
285
239
393
474
316
492
411
103
438
339
388
278
151
293
436
187
39
197
341
443
261
146
481
229
67
189
363
270
26
198
224
413
142
127
173
207
398
65
230
211
449
26
253
261
353
265
173
445
239
300
435
156
16
68
25
63
35
7
304
153
24
325
380
344
298
204
385
103
403
193
472
485
11
239
488
90
231
140
207
406
201
360
67
8
223
143
358
95
129
204
30
303
440
410
279
154
132
100
16
243
229
101
307
7
140
230
157
316
485
296
187
426
180
474
125
248
349
397
255
271
50
440
167
17
393
428
323
391
240
203
396
26
43
375
303
78
396
291
9
370
281
215
199
444
9
167
244
472
126
293
140
140
130
3
249
36
139
64
53
77
496
140
315
11
77
341
304
96
155
158
94
393
87
407
7
5
479
484
255
253
249
73
217
420
160
488
478
81
157
258
145
346
354
65
232
57
196
386
289
136
357
138
54
291
356
384
123
166
244
97
219
239
232
203
192
96
63
70
248
151
115
261
23
89
346
248
438
195
471
260
264
361
304
263
251
229
180
457
42
322
163
250
366
464
409
20
8
492
158
430
371
112
145
435
120
270
48
422
439
177
420
232
47
313
384
396
58
224
430
77
387
17
223
106
193
285
176
421
249
266
126
347
149
214
150
259
491
427
391
468
238
100
493
360
123
473
178
52
494
353
228
290
62
350
427
32
218
491
174
338
137
335
175
158
397
262
414
287
317
46
298
435
142
159
234
153
400
214
206
242
41
342
225
35
181
49
400
436
292
422
295
441
150
229
468
486
180
404
111
144
244
492
374
80
114
135
395
350
109
198
468
326
443
87
44
93
284
495
144
393
361
136
55
168
433
273
173
327
113
296
189
467
352
298
445
373
113
378
477
411
136
336
473
458
393
86
192
321
283
486
92
249
345
322
497
233
100
109
181
48
7
102
447
268
459
238
202
369
305
